Number of rules: 10

k = 0
115.0 33.0 6.0 483.0 69 71 
1.45 
i = 1
115.0 33.0 6.0 663 59 66 
0.44 
i = 0
115.0 33.0 6.0 1262 49 56 
0.80 
k = 1
123.0 38.0 5.0 959.0 60 64 
1.77 
i = 1
123.0 38.0 5.0 1442 50 67 
1.56 
i = 0
123.0 38.0 5.0 5619 40 40 
3.10 
k = 2
129.0 42.0 7.0 970.0 71 67 
0.67 
i = 1
129.0 42.0 7.0 1478 61 56 
0.82 
i = 0
129.0 42.0 7.0 2261 51 66 
1.49 
k = 3
109.0 42.0 6.0 1062.0 67 60 
1.03 
i = 1
109.0 42.0 6.0 1441 57 51 
1.42 
i = 0
109.0 42.0 6.0 2380 47 57 
2.33 
k = 4
105.0 37.0 7.0 753.0 66 54 
0.55 
i = 1
105.0 37.0 7.0 1099 56 55 
0.83 
i = 0
105.0 37.0 7.0 1854 46 53 
1.34 
k = 5
108.0 51.0 5.0 743.0 69 69 
1.12 
i = 1
108.0 51.0 5.0 1519 59 68 
1.64 
i = 0
108.0 51.0 5.0 2670 49 158 
2.45 
k = 6
142.0 43.0 5.0 783.0 62 53 
0.47 
i = 1
142.0 43.0 5.0 1138 52 43 
0.70 
i = 0
142.0 43.0 5.0 2680 42 45 
1.31 
k = 7
115.0 43.0 7.0 623.0 65 58 
0.39 
i = 1
115.0 43.0 7.0 899 55 48 
0.50 
i = 0
115.0 43.0 7.0 1399 45 50 
0.93 
k = 8
118.0 37.0 7.0 369.0 67 54 
0.26 
i = 1
118.0 37.0 7.0 545 57 46 
0.33 
i = 0
118.0 37.0 7.0 954 47 54 
0.50 
k = 9
103.0 38.0 8.0 835.0 67 74 
0.99 
i = 1
103.0 38.0 8.0 1427 57 88 
1.43 
i = 0
103.0 38.0 8.0 2048 47 82 
1.71 
  116.7    12.0    40.4     4.9     6.3     1.1 
  758.0   218.5 1.07 0.12 0.80 0.05 0.87 0.49 11.00 1.05 71.17 20.18 
 1165.1   358.6 1.00 0.20 0.79 0.06 0.97 0.50 12.30 2.54 167.16 50.00 
 2312.7  1302.4 0.79 0.20 0.76 0.06 1.60 0.82 14.30 3.80 355.09 214.73 
Number of rules: 20

k = 0
227.0 74.0 8.0 1263.0 134 129 
2.03 
i = 1
227.0 74.0 8.0 2038 114 125 
3.35 
i = 0
227.0 74.0 8.0 4374 94 156 
6.24 
k = 1
252.0 88.0 8.0 2202.0 135 121 
1.61 
i = 1
252.0 88.0 8.0 3251 115 103 
2.58 
i = 0
252.0 88.0 8.0 7542 95 103 
6.22 
k = 2
245.0 87.0 8.0 1409.0 144 120 
1.77 
i = 1
245.0 87.0 8.0 2909 124 139 
3.23 
i = 0
245.0 87.0 8.0 4700 104 99 
4.80 
k = 3
214.0 89.0 7.0 2012.0 135 114 
1.66 
i = 1
214.0 89.0 7.0 2796 115 112 
2.55 
i = 0
214.0 89.0 7.0 5123 95 101 
4.88 
k = 4
251.0 99.0 8.0 2025.0 136 114 
2.21 
i = 1
251.0 99.0 8.0 3217 116 97 
3.59 
i = 0
251.0 99.0 8.0 7857 96 92 
7.67 
k = 5
203.0 122.0 7.0 1495.0 129 131 
3.04 
i = 1
203.0 122.0 7.0 2463 109 126 
4.84 
i = 0
203.0 122.0 7.0 6381 89 122 
9.90 
k = 6
205.0 86.0 8.0 1301.0 137 118 
1.29 
i = 1
205.0 86.0 8.0 1936 117 123 
2.17 
i = 0
205.0 86.0 8.0 3477 97 160 
3.76 
k = 7
246.0 81.0 7.0 2038.0 137 135 
5.78 
i = 1
246.0 81.0 7.0 2959 117 134 
8.13 
i = 0
246.0 81.0 7.0 4732 97 108 
14.69 
k = 8
250.0 84.0 8.0 1713.0 143 140 
1.80 
i = 1
250.0 84.0 8.0 2686 123 112 
3.19 
i = 0
250.0 84.0 8.0 10065 103 111 
8.22 
k = 9
215.0 96.0 8.0 1263.0 136 112 
1.34 
i = 1
215.0 96.0 8.0 1920 116 112 
1.81 
i = 0
215.0 96.0 8.0 3504 96 114 
3.12 
  230.8    20.1    90.6    13.1     7.7     0.5 
 1672.1   369.6 1.11 0.09 0.80 0.05 2.25 1.34 21.70 2.21 80.18 19.90 
 2617.5   506.6 1.00 0.12 0.78 0.06 3.54 1.82 24.00 2.83 195.16 48.77 
 5775.5  2142.1 0.86 0.16 0.78 0.06 6.95 3.42 26.40 4.93 429.71 124.28 
Number of rules: 30

k = 0
349.0 129.0 7.0 2017.0 197 184 
4.50 
i = 1
349.0 129.0 7.0 3465 167 139 
6.27 
i = 0
349.0 129.0 7.0 13517 137 167 
14.94 
k = 1
353.0 130.0 8.0 2818.0 210 189 
4.86 
i = 1
353.0 130.0 8.0 4189 180 229 
7.87 
i = 0
353.0 130.0 8.0 14332 150 159 
17.05 
k = 2
324.0 159.0 8.0 2173.0 211 187 
3.98 
i = 1
324.0 159.0 8.0 3437 181 197 
5.64 
i = 0
324.0 159.0 8.0 6168 151 183 
8.50 
k = 3
341.0 156.0 8.0 2201.0 211 178 
2.36 
i = 1
341.0 156.0 8.0 3309 181 165 
4.08 
i = 0
341.0 156.0 8.0 7391 151 145 
6.96 
k = 4
357.0 184.0 8.0 2037.0 214 182 
4.63 
i = 1
357.0 184.0 8.0 2889 184 173 
6.27 
i = 0
357.0 184.0 8.0 6247 154 195 
10.24 
k = 5
371.0 175.0 8.0 2801.0 203 183 
4.81 
i = 1
371.0 175.0 8.0 4004 173 164 
6.16 
i = 0
371.0 175.0 8.0 9318 143 180 
12.79 
k = 6
327.0 152.0 8.0 2377.0 213 258 
7.46 
i = 1
327.0 152.0 8.0 4008 183 233 
10.58 
i = 0
327.0 152.0 8.0 12969 153 274 
25.25 
k = 7
331.0 155.0 8.0 2998.0 213 183 
7.82 
i = 1
331.0 155.0 8.0 4642 183 167 
11.42 
i = 0
331.0 155.0 8.0 12796 153 233 
29.64 
k = 8
372.0 150.0 8.0 3682.0 205 198 
10.28 
i = 1
372.0 150.0 8.0 6236 175 204 
17.08 
i = 0
372.0 150.0 8.0 25042 145 214 
86.41 
k = 9
317.0 144.0 8.0 2436.0 226 192 
4.07 
i = 1
317.0 144.0 8.0 3015 196 184 
5.48 
i = 0
317.0 144.0 8.0 6011 166 178 
12.76 
  344.2    19.4   153.4    17.3     7.9     0.3 
 2554.0   524.0 1.10 0.11 0.79 0.06 5.48 2.33 33.10 3.75 79.97 18.38 
 3919.4   981.4 0.99 0.14 0.78 0.04 8.09 3.91 36.20 4.98 192.97 48.20 
11379.1  5840.1 0.80 0.15 0.76 0.04 22.45 23.59 41.00 6.38 464.94 168.20 